net.sales	cost.of.goods.and.services	cost.of.labor	depreciation	financial.expenses	interest	EBIT	EBITDA	net.income	assets	equity	debt	cash	lt.assets	st.assets	total.oper.liabilities	st.oper.liabilities	lt.liabilities	st.liabilities	inventories	FFO	OCF	public	activity	size	credit.score	Cluster
3958025.0	3011069.0	676014.0	184162.0	788.0	30.0	62042.0	246204.0	59335.0	3102692.0	2548611.0	0.0	871805.0	856874.0	2239564.0	347705.0	347705.0	0.0	347705.0	0.0	238830.0	325898.0	0.0	0.0	71.0	A	C7
46478444.0	34692816.0	6397060.0	2487129.0	482437.0	364151.0	2344965.0	4832094.0	1629286.0	44967928.0	29281806.0	8027542.0	2873520.0	19723030.0	25055576.0	5571384.0	5571384.0	6333344.0	7265582.0	10333893.0	3851344.0	3315647.0	0.0	2.0	67.0	A	C7
21381638.0	12635230.0	6378038.0	1216291.0	441498.0	347857.0	1092224.0	2308515.0	237480.0	13228851.0	3445271.0	3735270.0	278207.0	5644973.0	7564920.0	4736986.0	4736986.0	2905803.0	5566453.0	955520.0	1273273.0	963750.0	0.0	1.0	70.0	A	C6
130601096.0	118547352.0	6630805.0	3390030.0	1184547.0	1180246.0	2039804.0	5429834.0	852626.0	80115552.0	36361096.0	28687540.0	127473.0	45017288.0	32506708.0	14986239.0	14986239.0	13068283.0	30605496.0	4528264.0	4199714.0	2697204.0	0.0	2.0	69.0	E	C5
55756696.0	47410684.0	5993304.0	583914.0	131882.0	131882.0	706578.0	1290492.0	646725.0	18385726.0	8162992.0	2523298.0	247170.0	975275.0	17142738.0	6756558.0	6756558.0	1176464.0	8103392.0	5515819.0	962201.0	-1199214.0	0.0	2.0	67.0	A	C4
5818119.0	5078758.0	442329.0	249787.0	89844.0	89844.0	126061.0	375848.0	43462.0	5065677.0	4128595.0	829862.0	89183.0	2328569.0	2726624.0	102375.0	102375.0	684995.0	247242.0	1400137.0	266634.0	197108.0	0.0	0.0	71.0	A	C7
5981321.0	5067079.0	1542353.0	110787.0	544.0	544.0	284274.0	395061.0	269422.0	4312059.0	2137782.0	0.0	187911.0	527293.0	3711300.0	1990443.0	1990443.0	0.0	1990443.0	1204437.0	310746.0	-151539.0	0.0	0.0	77.0	A	C3
14820749.0	12551068.0	1530057.0	452435.0	61481.0	61481.0	305613.0	758048.0	294990.0	7401292.0	4177248.0	999289.0	570810.0	3799781.0	3538454.0	1928289.0	1928289.0	794998.0	2132580.0	869850.0	747425.0	238184.0	0.0	1.0	67.0	A	C5
7140735.0	5840040.0	931988.0	247198.0	257737.0	257737.0	247504.0	494702.0	-58693.0	12459574.0	4613451.0	3963756.0	32691.0	10256763.0	2140676.0	2372717.0	2372717.0	4502180.0	3343943.0	1124832.0	188505.0	657941.0	0.0	2.0	67.0	E	C1
22735258.0	17103026.0	3354674.0	763274.0	122057.0	122057.0	2213274.0	2976548.0	1795287.0	13162837.0	5840449.0	3984667.0	63499.0	6257878.0	6809129.0	2891718.0	2891718.0	3772727.0	3103658.0	3852838.0	2510289.0	2318947.0	0.0	1.0	67.0	A	C6
5979742.0	3230958.0	2606197.0	56202.0	4051.0	4051.0	-12264.0	43938.0	20658.0	3546980.0	2043771.0	0.0	1464346.0	475903.0	3051469.0	1377432.0	1377432.0	0.0	1377432.0	0.0	76860.0	458882.0	0.0	0.0	77.0	E	C3
6615514.0	3396969.0	805895.0	351159.0	731250.0	701925.0	-143372.0	207787.0	472045.0	17635976.0	4071397.0	8957957.0	394649.0	5977979.0	11632687.0	4314369.0	2138885.0	7396484.0	5875842.0	9191505.0	603011.0	2991805.0	0.0	2.0	70.0	E	C2
6975632.0	3955589.0	2452001.0	326460.0	51830.0	51830.0	350508.0	676968.0	381712.0	5067415.0	1906637.0	1377150.0	26181.0	2218191.0	2844227.0	1474679.0	1471231.0	644996.0	2206833.0	649362.0	688089.0	144672.0	0.0	0.0	67.0	A	C6
7164957.0	5032080.0	1882836.0	104550.0	178964.0	8964.0	156492.0	261042.0	30613.0	4447181.0	1708654.0	223368.0	93900.0	2156675.0	2198468.0	1967237.0	1131407.0	1016571.0	1174034.0	194528.0	128594.0	-345990.0	0.0	2.0	74.0	A	C6
1732008.0	918532.0	588059.0	150653.0	27129.0	27129.0	58800.0	209453.0	31729.0	2587780.0	1357990.0	953852.0	6385.0	2283043.0	304737.0	219562.0	219562.0	828852.0	344562.0	78384.0	179168.0	74605.0	0.0	0.0	67.0	E	C1
49082544.0	37989976.0	6750860.0	640532.0	3754.0	3754.0	1912063.0	2552595.0	1238510.0	14366541.0	7873562.0	0.0	546239.0	1265763.0	13100778.0	4725755.0	4725755.0	0.0	4725755.0	6106922.0	1859844.0	4369582.0	0.0	1.0	71.0	A	C4
2003150.0	1269410.0	430573.0	93218.0	194873.0	194873.0	199674.0	292892.0	4307.0	3652715.0	375960.0	2920340.0	15924.0	3132158.0	508086.0	355715.0	355715.0	2273187.0	1002868.0	154841.0	96917.0	33781.0	0.0	0.0	77.0	E	C1
5023790.0	3665788.0	1623698.0	54425.0	21966.0	21966.0	-375413.0	-320988.0	-368266.0	4022448.0	1164613.0	675917.0	515777.0	153961.0	3804531.0	1788471.0	1788471.0	0.0	2464388.0	0.0	-316602.0	-1928408.0	0.0	0.0	77.0	E	C3
4002398.0	3161596.0	311067.0	270308.0	37958.0	37958.0	340203.0	610511.0	309990.0	2720561.0	1185801.0	394455.0	168855.0	1718499.0	961486.0	1106645.0	546597.0	872216.0	628884.0	0.0	580278.0	646070.0	0.0	0.0	72.0	A	C5
24093024.0	11947428.0	8116824.0	3476398.0	1274439.0	0.0	258259.0	3734657.0	-2935599.0	70392056.0	39004380.0	27371558.0	2124900.0	60199808.0	9882562.0	2821928.0	2778014.0	27326196.0	2867290.0	892676.0	540799.0	280954.0	0.0	2.0	73.0	E	C1
4254011.0	3278135.0	1154189.0	153100.0	11752.0	11752.0	48115.0	201215.0	55686.0	3143372.0	142767.0	214938.0	2878.0	515273.0	2626099.0	2401243.0	2401243.0	177483.0	2438698.0	0.0	208786.0	298877.0	0.0	0.0	65.0	E	C3
3986339.0	1854286.0	953407.0	294660.0	1074746.0	1074746.0	1018262.0	1312922.0	12367.0	21742360.0	4076914.0	15575352.0	12701.0	6004410.0	15609565.0	2064779.0	2064779.0	5653899.0	11986232.0	13912296.0	307027.0	440863.0	0.0	0.0	77.0	E	C2
18199448.0	15682922.0	1602863.0	2178558.0	178081.0	178081.0	-1626014.0	552544.0	-1545010.0	20163570.0	2592938.0	7462518.0	54688.0	6537344.0	13615795.0	9450150.0	4972065.0	10501192.0	6411476.0	2177498.0	-738282.0	-5699803.0	0.0	1.0	67.0	E	C2
5091481.0	3671857.0	907345.0	77565.0	79624.0	79624.0	101286.0	178851.0	75847.0	8816393.0	107637.0	4000000.0	634628.0	1614977.0	7201416.0	4422320.0	4422320.0	4000000.0	4422320.0	4399.0	106896.0	172572.0	0.0	1.0	78.0	E	C2
14420034.0	8293465.0	4415127.0	569350.0	80267.0	11241.0	78409.0	647759.0	53907.0	9697968.0	3549909.0	299312.0	152272.0	2794212.0	6736581.0	4497789.0	4497789.0	0.0	4797101.0	832930.0	391402.0	-554105.0	1.0	1.0	69.0	A	C3
61916000.0	32401000.0	21282000.0	10734000.0	2476000.0	2473000.0	-2474000.0	8260000.0	670000.0	162526992.0	93484000.0	46848000.0	411000.0	145828000.0	15930000.0	8448000.0	8448000.0	43594000.0	11702000.0	687000.0	10763000.0	10873000.0	0.0	2.0	73.0	E	C1
1373294.0	1155644.0	215343.0	96515.0	68834.0	68834.0	-49131.0	47384.0	-86715.0	3851031.0	451230.0	2114028.0	208.0	3710480.0	137083.0	1275061.0	1275061.0	714487.0	2674602.0	27166.0	-55617.0	1438222.0	0.0	0.0	70.0	E	C1
3134701.0	1104606.0	927287.0	251122.0	110927.0	110927.0	39467.0	290589.0	-67905.0	4058283.0	746791.0	2027324.0	179664.0	3771919.0	286127.0	1284168.0	1284168.0	1723324.0	1588168.0	30813.0	151972.0	330056.0	0.0	0.0	82.0	E	C1
3417800.0	2490256.0	987336.0	826791.0	184191.0	184191.0	-239157.0	587634.0	-168661.0	8570272.0	2774845.0	2528479.0	19319.0	2350764.0	6196461.0	3001999.0	3001999.0	889900.0	4640578.0	816357.0	234890.0	748602.0	0.0	1.0	77.0	E	C2
1697493.0	780021.0	516846.0	464319.0	70007.0	70007.0	79519.0	543838.0	8294.0	2141658.0	595039.0	1143455.0	830.0	1855858.0	264008.0	403164.0	403164.0	957559.0	589060.0	0.0	472613.0	449976.0	0.0	0.0	72.0	E	C1
2229701.0	1672514.0	475574.0	66972.0	89824.0	89824.0	29547.0	96519.0	-59903.0	3376628.0	588372.0	1857253.0	10801.0	1671163.0	1697406.0	931003.0	931003.0	934312.0	1853944.0	1044472.0	5381.0	-101635.0	0.0	0.0	70.0	E	C2
6086919.0	4912799.0	358768.0	515828.0	153299.0	153299.0	200939.0	716767.0	71844.0	9739328.0	1903544.0	4105160.0	20298.0	2601389.0	7137670.0	3427178.0	3427178.0	3301163.0	4231175.0	125038.0	427044.0	56670.0	0.0	2.0	71.0	E	C2
61504624.0	58328824.0	744260.0	154547.0	121607.0	121607.0	2255147.0	2409694.0	1783569.0	17130922.0	9939597.0	2840928.0	260022.0	451593.0	16091987.0	3403814.0	3403814.0	2170.0	6242572.0	5188897.0	1842460.0	-948459.0	0.0	1.0	71.0	A	C4
5969793.0	3882100.0	1541569.0	1026720.0	58763.0	58763.0	-482218.0	544502.0	-543782.0	15231777.0	9872068.0	3942829.0	102813.0	14483487.0	705556.0	932437.0	932437.0	25736.0	4855266.0	368896.0	471358.0	428455.0	0.0	1.0	73.0	E	C1
7899973.0	7303484.0	396812.0	40893.0	7495.0	7495.0	181443.0	222336.0	144386.0	2429786.0	2238696.0	0.0	58445.0	886708.0	1542422.0	191090.0	191090.0	0.0	191090.0	894124.0	185279.0	114062.0	0.0	0.0	71.0	A	C4
5293733.0	4206207.0	330920.0	280711.0	32484.0	32484.0	475750.0	756461.0	379406.0	5136381.0	3641019.0	1068892.0	518217.0	1649177.0	3469347.0	426470.0	426470.0	888499.0	606863.0	1639952.0	622842.0	272035.0	0.0	0.0	71.0	A	C7
12528557.0	11728337.0	355347.0	46361.0	11889.0	11889.0	391610.0	437971.0	330871.0	3521022.0	1548412.0	0.0	630491.0	359586.0	3157013.0	1939101.0	1939101.0	1676.0	1939101.0	2073313.0	371706.0	708411.0	0.0	0.0	71.0	A	C4
13902751.0	13038076.0	516060.0	14740.0	113433.0	0.0	300534.0	315274.0	286063.0	9404117.0	944369.0	412643.0	1065987.0	155018.0	9249099.0	7975479.0	7975479.0	0.0	8388122.0	96823.0	300803.0	3380057.0	0.0	1.0	77.0	E	C3
11853299.0	7700750.0	2882239.0	555862.0	260299.0	260299.0	403011.0	958873.0	143739.0	15451873.0	3263156.0	5025905.0	3365.0	6053173.0	9374618.0	6653111.0	6653111.0	687432.0	10991584.0	6272184.0	699601.0	1279683.0	0.0	1.0	67.0	E	C2
115856592.0	36903200.0	43459944.0	15989010.0	11280117.0	5624167.0	2303047.0	18292056.0	-1717275.0	176510848.0	41060180.0	98921480.0	11176132.0	156071632.0	15478563.0	20998852.0	20940154.0	24901472.0	95019720.0	1055566.0	13774691.0	16982754.0	0.0	2.0	82.0	E	C1
4742009.0	3312690.0	901232.0	239647.0	34532.0	34532.0	276575.0	516222.0	203933.0	3385994.0	860807.0	748975.0	219480.0	1357585.0	2024629.0	1021455.0	973222.0	797208.0	973222.0	6818.0	331699.0	466172.0	0.0	0.0	78.0	A	C6
8459015.0	7620828.0	288402.0	103366.0	76522.0	76522.0	444519.0	547885.0	326660.0	4797383.0	2770628.0	1130127.0	265129.0	2180596.0	2610074.0	896628.0	896628.0	746348.0	1280407.0	1310586.0	414755.0	631634.0	0.0	0.0	71.0	A	C5
2248927.0	1846246.0	424577.0	621631.0	194048.0	194048.0	-942911.0	-321280.0	-1136007.0	7531360.0	682847.0	5000001.0	27842.0	6769631.0	738535.0	1753140.0	1753140.0	3031117.0	3722024.0	472069.0	-692889.0	-78568.0	0.0	0.0	67.0	E	C1
8700746.0	7055194.0	951994.0	453890.0	412167.0	412167.0	245286.0	699176.0	593295.0	13689404.0	2851205.0	7414543.0	121140.0	11141239.0	2545111.0	3353379.0	2887999.0	4490500.0	6277422.0	224078.0	1039791.0	802418.0	0.0	2.0	67.0	E	C1
188285312.0	140213648.0	34227756.0	5685862.0	4132980.0	0.0	10040070.0	15725932.0	8130861.0	134451600.0	44362420.0	49093972.0	851196.0	57414872.0	76438512.0	34890452.0	34831576.0	40585132.0	43399292.0	27759672.0	13816723.0	8935913.0	0.0	2.0	67.0	A	C6
114678120.0	49109856.0	54207000.0	22612524.0	14913106.0	0.0	-17815568.0	4796956.0	-37178520.0	184874656.0	74403376.0	53493076.0	66347.0	157801488.0	27068414.0	23670882.0	23661674.0	16802958.0	60361000.0	9586018.0	-37178520.0	-25334598.0	0.0	2.0	66.0	E	C1
4544509.0	2711287.0	1407212.0	210090.0	1127.0	1127.0	198267.0	408357.0	175016.0	3272564.0	2208272.0	194409.0	72970.0	1482659.0	1787726.0	832992.0	832992.0	160599.0	866802.0	57140.0	361174.0	371646.0	1.0	0.0	69.0	A	C7
15947018.0	12271505.0	3258143.0	1668118.0	138370.0	138370.0	229145.0	1897263.0	399892.0	9837725.0	2699780.0	2466556.0	128591.0	2929494.0	6907448.0	2714836.0	2714836.0	1693667.0	3487725.0	2265049.0	1955629.0	661114.0	0.0	1.0	67.0	A	C6
4816256.0	3937264.0	614006.0	167276.0	12380.0	12380.0	88716.0	255992.0	149846.0	2715914.0	1071831.0	371893.0	129176.0	1787696.0	924652.0	1270495.0	470495.0	970397.0	671991.0	70393.0	293185.0	362376.0	0.0	0.0	72.0	A	C5
10215790.0	7232328.0	2003080.0	342864.0	1454.0	1454.0	605551.0	948415.0	516920.0	7004897.0	5018996.0	44350.0	742933.0	2031116.0	4754626.0	1652744.0	1652744.0	30040.0	1667054.0	522124.0	792014.0	2052919.0	0.0	2.0	67.0	A	C7
21610566.0	16468802.0	3577268.0	535312.0	143611.0	143611.0	1429174.0	1964486.0	1081236.0	15678745.0	7917942.0	3788009.0	434802.0	6094867.0	9554890.0	3967340.0	3967340.0	3403328.0	4352021.0	6999547.0	1399755.0	763337.0	0.0	1.0	71.0	A	C7
102895680.0	99004264.0	1972098.0	2226575.0	10403.0	10403.0	269036.0	2495611.0	1356288.0	35152492.0	15987277.0	0.0	3581630.0	2624964.0	32480212.0	18769290.0	18769290.0	0.0	18769290.0	1698.0	1568732.0	1368734.0	0.0	2.0	68.0	A	C4
31960242.0	26898728.0	2892979.0	966624.0	41179.0	41179.0	1123037.0	2089661.0	1002998.0	15827926.0	6435255.0	5406379.0	1914543.0	8225726.0	7224856.0	2683816.0	2683816.0	0.0	8090195.0	2552814.0	1847763.0	4056675.0	0.0	1.0	71.0	A	C5
3076053.0	2564895.0	454059.0	73113.0	31760.0	31760.0	8529.0	81642.0	9647.0	2790654.0	1603179.0	103578.0	110.0	1079887.0	1710767.0	906417.0	720090.0	363807.0	823668.0	1009220.0	75927.0	12831.0	0.0	0.0	67.0	A	C7
17585210.0	13256105.0	2546913.0	814393.0	74503.0	74503.0	1096909.0	1911302.0	964411.0	13681853.0	9297117.0	2274055.0	72210.0	7129158.0	6552695.0	1269368.0	1269368.0	690439.0	2879350.0	3646683.0	1753757.0	1468585.0	0.0	1.0	67.0	A	C7
15474676.0	9244385.0	4737475.0	1559647.0	31196.0	31196.0	218900.0	1778547.0	388822.0	12923721.0	7172281.0	1410174.0	3093673.0	6603288.0	6280296.0	3755614.0	2144737.0	2713083.0	2452705.0	137857.0	1327972.0	1263551.0	0.0	1.0	69.0	A	C7
14122046.0	9370395.0	2908424.0	1290820.0	170643.0	170643.0	352632.0	1643452.0	325031.0	9573662.0	6503161.0	1501000.0	704319.0	4069116.0	5502211.0	1473361.0	1473361.0	0.0	2974361.0	2271413.0	1516559.0	2231899.0	0.0	1.0	67.0	A	C7
3656938.0	3475790.0	2134912.0	585070.0	88035.0	88035.0	-688049.0	-102979.0	-766718.0	9410103.0	3562069.0	2530900.0	120369.0	7173387.0	2102737.0	1209632.0	1209632.0	1741020.0	1999512.0	954475.0	-222027.0	-56163.0	0.0	1.0	66.0	E	C1
7202084.0	4662332.0	2496139.0	421738.0	32314.0	14988.0	-580677.0	-158939.0	-148839.0	5895210.0	4314811.0	1045.0	578947.0	3587676.0	2296789.0	870878.0	870878.0	0.0	871923.0	131160.0	261911.0	693188.0	0.0	2.0	65.0	E	C7
15146377.0	10137179.0	3876224.0	562796.0	227012.0	227012.0	634964.0	1197760.0	437518.0	10515065.0	2382394.0	2156655.0	1897482.0	4032444.0	6458675.0	5036867.0	3774174.0	3419348.0	3774174.0	2384903.0	688731.0	1955594.0	0.0	2.0	67.0	A	C6
2313505.0	1495623.0	724677.0	56030.0	181867.0	181867.0	40466.0	96496.0	-154212.0	6217866.0	2516106.0	2304290.0	4889.0	2448013.0	3769853.0	1386063.0	1047046.0	1700078.0	1990275.0	2664162.0	-99148.0	525314.0	0.0	0.0	67.0	E	C2
7620842.0	6667565.0	460794.0	269634.0	7925.0	7925.0	269857.0	539491.0	355276.0	4514619.0	1988589.0	595372.0	131729.0	2934352.0	1565860.0	1859855.0	1859855.0	595372.0	1859855.0	770506.0	624910.0	163528.0	0.0	0.0	70.0	A	C5
2834282.0	1808171.0	1101911.0	110170.0	243.0	243.0	-21159.0	89011.0	7081.0	2134279.0	1487584.0	0.0	108122.0	1048078.0	1068650.0	502812.0	502812.0	0.0	502812.0	119010.0	107108.0	61138.0	1.0	0.0	69.0	A	C7
29029016.0	17584190.0	10309999.0	1860852.0	2394710.0	1061337.0	-2469135.0	-608283.0	-5351599.0	72016328.0	39175152.0	20040964.0	2832148.0	55124964.0	16730785.0	7463729.0	7463729.0	14285634.0	15227378.0	6201996.0	-3742211.0	-1043812.0	0.0	2.0	74.0	E	C1
